0.000000	200.000000
0.001000	193.690384
0.002000	187.394409
0.003000	181.125626
0.004000	174.897415
0.005000	168.722885
0.006000	162.614822
0.007000	156.585571
0.008000	150.646988
0.009000	144.810349
0.010000	139.086319
0.011000	133.484879
0.012000	128.015244
0.013000	122.685860
0.014000	117.504379
0.015000	112.477600
0.016000	107.611450
0.017000	102.910988
0.018000	98.380409
0.019000	94.023033
0.020000	89.841301
0.021000	85.836838
0.022000	82.010437
0.023000	78.362122
0.024000	74.891144
0.025000	71.596062
0.026000	68.474762
0.027000	65.524521
0.028000	62.742046
0.029000	60.123524
0.030000	57.664700
0.031000	55.360901
0.032000	53.207119
0.033000	51.198040
0.034000	49.328121
0.035000	47.591629
0.036000	45.982685
0.037000	44.495331
0.038000	43.123554
0.039000	41.861355
0.040000	40.702766
0.041000	39.641888
0.042000	38.672932
0.043000	37.790249
0.044000	36.988346
0.045000	36.261917
0.046000	35.605858
0.047000	35.015282
0.048000	34.485535
0.049000	34.012203
0.050000	33.591110
0.051000	33.218349
0.052000	32.890244
0.053000	32.603390
0.054000	32.354614
0.055000	32.140995
0.056000	31.959858
0.057000	31.808741
0.058000	31.685421
0.059000	31.587877
0.060000	31.514292
0.061000	31.463039
0.062000	31.432671
0.063000	31.421904
0.064000	31.429613
0.065000	31.454809
0.066000	31.496639
0.067000	31.554359
0.068000	31.627337
0.069000	31.715021
0.070000	31.816952
0.071000	31.932734
0.072000	32.062027
0.073000	32.204540
0.074000	32.360023
0.075000	32.528244
0.076000	32.709000
0.077000	32.902088
0.078000	33.107311
0.079000	33.324474
0.080000	33.553356
0.081000	33.793732
0.082000	34.045341
0.083000	34.307903
0.084000	34.581104
0.085000	34.864601
0.086000	35.158005
0.087000	35.460896
0.088000	35.772808
0.089000	36.093243
0.090000	36.421650
0.091000	36.757454
0.092000	37.100037
0.093000	37.448738
0.094000	37.802876
0.095000	38.161728
0.096000	38.524551
0.097000	38.890583
0.098000	39.259037
0.099000	39.629112
0.100000	40.000000
0.000000	200.000000
0.001000	195.539291
0.002000	191.083435
0.003000	186.637283
0.004000	182.205612
0.005000	177.793213
0.006000	173.404785
0.007000	169.044937
0.008000	164.718201
0.009000	160.429031
0.010000	156.181717
0.011000	151.980453
0.012000	147.829285
0.013000	143.732101
0.014000	139.692627
0.015000	135.714401
0.016000	131.800797
0.017000	127.955017
0.018000	124.180038
0.019000	120.478661
0.020000	116.853439
0.021000	113.306763
0.022000	109.840767
0.023000	106.457397
0.024000	103.158371
0.025000	99.945213
0.026000	96.819206
0.027000	93.781418
0.028000	90.832726
0.029000	87.973793
0.030000	85.205063
0.031000	82.526810
0.032000	79.939087
0.033000	77.441795
0.034000	75.034622
0.035000	72.717117
0.036000	70.488640
0.037000	68.348404
0.038000	66.295486
0.039000	64.328812
0.040000	62.447178
0.041000	60.649277
0.042000	58.933685
0.043000	57.298882
0.044000	55.743252
0.045000	54.265095
0.046000	52.862648
0.047000	51.534077
0.048000	50.277500
0.049000	49.090984
0.050000	47.972572
0.051000	46.920261
0.052000	45.932037
0.053000	45.005875
0.054000	44.139729
0.055000	43.331570
0.056000	42.579357
0.057000	41.881081
0.058000	41.234734
0.059000	40.638332
0.060000	40.089928
0.061000	39.587585
0.062000	39.129421
0.063000	38.713570
0.064000	38.338219
0.065000	38.001591
0.066000	37.701950
0.067000	37.437607
0.068000	37.206924
0.069000	37.008301
0.070000	36.840187
0.071000	36.701084
0.072000	36.589527
0.073000	36.504108
0.074000	36.443470
0.075000	36.406284
0.076000	36.391289
0.077000	36.397240
0.078000	36.422955
0.079000	36.467281
0.080000	36.529110
0.081000	36.607365
0.082000	36.701012
0.083000	36.809048
0.084000	36.930500
0.085000	37.064423
0.086000	37.209904
0.087000	37.366058
0.088000	37.532021
0.089000	37.706955
0.090000	37.890034
0.091000	38.080460
0.092000	38.277454
0.093000	38.480244
0.094000	38.688080
0.095000	38.900211
0.096000	39.115910
0.097000	39.334454
0.098000	39.555122
0.099000	39.777210
0.100000	40.000000
0.000000	200.000000
0.001000	196.367142
0.002000	192.736984
0.003000	189.112167
0.004000	185.495377
0.005000	181.889252
0.006000	178.296432
0.007000	174.719513
0.008000	171.161041
0.009000	167.623566
0.010000	164.109573
0.011000	160.621475
0.012000	157.161682
0.013000	153.732498
0.014000	150.336197
0.015000	146.974976
0.016000	143.650955
0.017000	140.366180
0.018000	137.122650
0.019000	133.922256
0.020000	130.766800
0.021000	127.658028
0.022000	124.597565
0.023000	121.586952
0.024000	118.627663
0.025000	115.721046
0.026000	112.868370
0.027000	110.070808
0.028000	107.329437
0.029000	104.645241
0.030000	102.019096
0.031000	99.451775
0.032000	96.943985
0.033000	94.496300
0.034000	92.109222
0.035000	89.783165
0.036000	87.518433
0.037000	85.315239
0.038000	83.173721
0.039000	81.093918
0.040000	79.075783
0.041000	77.119202
0.042000	75.223969
0.043000	73.389801
0.044000	71.616348
0.045000	69.903175
0.046000	68.249786
0.047000	66.655632
0.048000	65.120071
0.049000	63.642426
0.050000	62.221951
0.051000	60.857857
0.052000	59.549297
0.053000	58.295383
0.054000	57.095184
0.055000	55.947716
0.056000	54.851974
0.057000	53.806911
0.058000	52.811451
0.059000	51.864487
0.060000	50.964886
0.061000	50.111500
0.062000	49.303158
0.063000	48.538666
0.064000	47.816818
0.065000	47.136406
0.066000	46.496201
0.067000	45.894970
0.068000	45.331470
0.069000	44.804462
0.070000	44.312702
0.071000	43.854942
0.072000	43.429939
0.073000	43.036453
0.074000	42.673248
0.075000	42.339092
0.076000	42.032764
0.077000	41.753044
0.078000	41.498722
0.079000	41.268597
0.080000	41.061474
0.081000	40.876179
0.082000	40.711533
0.083000	40.566376
0.084000	40.439552
0.085000	40.329926
0.086000	40.236359
0.087000	40.157730
0.088000	40.092934
0.089000	40.040855
0.090000	40.000412
0.091000	39.970509
0.092000	39.950069
0.093000	39.938030
0.094000	39.933319
0.095000	39.934879
0.096000	39.941654
0.097000	39.952599
0.098000	39.966667
0.099000	39.982815
0.100000	40.000000
0.000000	200.000000
0.001000	196.868286
0.002000	193.738358
0.003000	190.611969
0.004000	187.490845
0.005000	184.376770
0.006000	181.271454
0.007000	178.176651
0.008000	175.094055
0.009000	172.025345
0.010000	168.972214
0.011000	165.936295
0.012000	162.919189
0.013000	159.922501
0.014000	156.947784
0.015000	153.996567
0.016000	151.070328
0.017000	148.170517
0.018000	145.298553
0.019000	142.455795
0.020000	139.643570
0.021000	136.863129
0.022000	134.115738
0.023000	131.402573
0.024000	128.724747
0.025000	126.083374
0.026000	123.479454
0.027000	120.913986
0.028000	118.387878
0.029000	115.902016
0.030000	113.457199
0.031000	111.054192
0.032000	108.693687
0.033000	106.376343
0.034000	104.102737
0.035000	101.873405
0.036000	99.688812
0.037000	97.549393
0.038000	95.455490
0.039000	93.407425
0.040000	91.405441
0.041000	89.449730
0.042000	87.540428
0.043000	85.677635
0.044000	83.861374
0.045000	82.091637
0.046000	80.368347
0.047000	78.691391
0.048000	77.060593
0.049000	75.475746
0.050000	73.936584
0.051000	72.442802
0.052000	70.994041
0.053000	69.589912
0.054000	68.229973
0.055000	66.913757
0.056000	65.640739
0.057000	64.410385
0.058000	63.222099
0.059000	62.075256
0.060000	60.969200
0.061000	59.903248
0.062000	58.876686
0.063000	57.888767
0.064000	56.938717
0.065000	56.025745
0.066000	55.149025
0.067000	54.307713
0.068000	53.500938
0.069000	52.727818
0.070000	51.987446
0.071000	51.278893
0.072000	50.601219
0.073000	49.953472
0.074000	49.334671
0.075000	48.743839
0.076000	48.179970
0.077000	47.642063
0.078000	47.129089
0.079000	46.640026
0.080000	46.173828
0.081000	45.729454
0.082000	45.305843
0.083000	44.901939
0.084000	44.516666
0.085000	44.148960
0.086000	43.797737
0.087000	43.461918
0.088000	43.140415
0.089000	42.832142
0.090000	42.536003
0.091000	42.250904
0.092000	41.975739
0.093000	41.709415
0.094000	41.450832
0.095000	41.198887
0.096000	40.952469
0.097000	40.710480
0.098000	40.471809
0.099000	40.235352
0.100000	40.000000
0.000000	200.000000
0.001000	197.213913
0.002000	194.429092
0.003000	191.646790
0.004000	188.868301
0.005000	186.094894
0.006000	183.327789
0.007000	180.568253
0.008000	177.817520
0.009000	175.076813
0.010000	172.347351
0.011000	169.630310
0.012000	166.926895
0.013000	164.238266
0.014000	161.565567
0.015000	158.909912
0.016000	156.272400
0.017000	153.654144
0.018000	151.056168
0.019000	148.479507
0.020000	145.925171
0.021000	143.394150
0.022000	140.887360
0.023000	138.405731
0.024000	135.950165
0.025000	133.521500
0.026000	131.120560
0.027000	128.748123
0.028000	126.404938
0.029000	124.091728
0.030000	121.809181
0.031000	119.557930
0.032000	117.338600
0.033000	115.151749
0.034000	112.997917
0.035000	110.877586
0.036000	108.791229
0.037000	106.739258
0.038000	104.722054
0.039000	102.739952
0.040000	100.793251
0.041000	98.882225
0.042000	97.007088
0.043000	95.168030
0.044000	93.365204
0.045000	91.598709
0.046000	89.868614
0.047000	88.174957
0.048000	86.517731
0.049000	84.896896
0.050000	83.312370
0.051000	81.764046
0.052000	80.251755
0.053000	78.775330
0.054000	77.334541
0.055000	75.929146
0.056000	74.558853
0.057000	73.223335
0.058000	71.922249
0.059000	70.655205
0.060000	69.421791
0.061000	68.221573
0.062000	67.054070
0.063000	65.918785
0.064000	64.815178
0.065000	63.742706
0.066000	62.700787
0.067000	61.688816
0.068000	60.706158
0.069000	59.752163
0.070000	58.826157
0.071000	57.927437
0.072000	57.055286
0.073000	56.208973
0.074000	55.387726
0.075000	54.590778
0.076000	53.817329
0.077000	53.066570
0.078000	52.337673
0.079000	51.629791
0.080000	50.942070
0.081000	50.273636
0.082000	49.623604
0.083000	48.991074
0.084000	48.375137
0.085000	47.774872
0.086000	47.189350
0.087000	46.617630
0.088000	46.058762
0.089000	45.511787
0.090000	44.975746
0.091000	44.449661
0.092000	43.932552
0.093000	43.423439
0.094000	42.921333
0.095000	42.425240
0.096000	41.934162
0.097000	41.447105
0.098000	40.963058
0.099000	40.481026
0.100000	40.000000
0.000000	200.000000
0.001000	197.468857
0.002000	194.938660
0.003000	192.410385
0.004000	189.884964
0.005000	187.363373
0.006000	184.846558
0.007000	182.335434
0.008000	179.830978
0.009000	177.334091
0.010000	174.845703
0.011000	172.366730
0.012000	169.898056
0.013000	167.440582
0.014000	164.995163
0.015000	162.562698
0.016000	160.143997
0.017000	157.739899
0.018000	155.351212
0.019000	152.978745
0.020000	150.623260
0.021000	148.285538
0.022000	145.966324
0.023000	143.666306
0.024000	141.386200
0.025000	139.126678
0.026000	136.888397
0.027000	134.671967
0.028000	132.478012
0.029000	130.307098
0.030000	128.159805
0.031000	126.036636
0.032000	123.938095
0.033000	121.864670
0.034000	119.816811
0.035000	117.794930
0.036000	115.799423
0.037000	113.830658
0.038000	111.888969
0.039000	109.974670
0.040000	108.088036
0.041000	106.229324
0.042000	104.398758
0.043000	102.596527
0.044000	100.822800
0.045000	99.077705
0.046000	97.361359
0.047000	95.673820
0.048000	94.015152
0.049000	92.385361
0.050000	90.784447
0.051000	89.212364
0.052000	87.669044
0.053000	86.154388
0.054000	84.668274
0.055000	83.210548
0.056000	81.781036
0.057000	80.379539
0.058000	79.005814
0.059000	77.659615
0.060000	76.340645
0.061000	75.048592
0.062000	73.783127
0.063000	72.543884
0.064000	71.330498
0.065000	70.142532
0.066000	68.979576
0.067000	67.841164
0.068000	66.726830
0.069000	65.636070
0.070000	64.568367
0.071000	63.523193
0.072000	62.499973
0.073000	61.498135
0.074000	60.517078
0.075000	59.556198
0.076000	58.614861
0.077000	57.692413
0.078000	56.788193
0.079000	55.901524
0.080000	55.031700
0.081000	54.178020
0.082000	53.339764
0.083000	52.516186
0.084000	51.706547
0.085000	50.910080
0.086000	50.126019
0.087000	49.353580
0.088000	48.591976
0.089000	47.840405
0.090000	47.098064
0.091000	46.364132
0.092000	45.637794
0.093000	44.918217
0.094000	44.204567
0.095000	43.496010
0.096000	42.791698
0.097000	42.090794
0.098000	41.392445
0.099000	40.695793
0.100000	40.000000
0.000000	200.000000
0.001000	197.663864
0.002000	195.328476
0.003000	192.994568
0.004000	190.662872
0.005000	188.334152
0.006000	186.009109
0.007000	183.688492
0.008000	181.373016
0.009000	179.063416
0.010000	176.760406
0.011000	174.464691
0.012000	172.176971
0.013000	169.897934
0.014000	167.628265
0.015000	165.368622
0.016000	163.119675
0.017000	160.882095
0.018000	158.656494
0.019000	156.443497
0.020000	154.243713
0.021000	152.057755
0.022000	149.886200
0.023000	147.729599
0.024000	145.588531
0.025000	143.463516
0.026000	141.355072
0.027000	139.263702
0.028000	137.189896
0.029000	135.134109
0.030000	133.096786
0.031000	131.078369
0.032000	129.079254
0.033000	127.099823
0.034000	125.140450
0.035000	123.201492
0.036000	121.283264
0.037000	119.386070
0.038000	117.510208
0.039000	115.655922
0.040000	113.823456
0.041000	112.013023
0.042000	110.224823
0.043000	108.459030
0.044000	106.715790
0.045000	104.995224
0.046000	103.297447
0.047000	101.622536
0.048000	99.970535
0.049000	98.341499
0.050000	96.735435
0.051000	95.152336
0.052000	93.592155
0.053000	92.054848
0.054000	90.540337
0.055000	89.048523
0.056000	87.579269
0.057000	86.132454
0.058000	84.707893
0.059000	83.305412
0.060000	81.924797
0.061000	80.565819
0.062000	79.228218
0.063000	77.911736
0.064000	76.616081
0.065000	75.340927
0.066000	74.085960
0.067000	72.850830
0.068000	71.635162
0.069000	70.438576
0.070000	69.260651
0.071000	68.100983
0.072000	66.959122
0.073000	65.834625
0.074000	64.727013
0.075000	63.635788
0.076000	62.560459
0.077000	61.500507
0.078000	60.455399
0.079000	59.424591
0.080000	58.407528
0.081000	57.403637
0.082000	56.412334
0.083000	55.433025
0.084000	54.465103
0.085000	53.507957
0.086000	52.560959
0.087000	51.623470
0.088000	50.694851
0.089000	49.774452
0.090000	48.861610
0.091000	47.955666
0.092000	47.055943
0.093000	46.161766
0.094000	45.272449
0.095000	44.387310
0.096000	43.505657
0.097000	42.626797
0.098000	41.750034
0.099000	40.874664
0.100000	40.000000
0.000000	200.000000
0.001000	197.815979
0.002000	195.632523
0.003000	193.450241
0.004000	191.269699
0.005000	189.091492
0.006000	186.916168
0.007000	184.744324
0.008000	182.576508
0.009000	180.413315
0.010000	178.255264
0.011000	176.102966
0.012000	173.956955
0.013000	171.817764
0.014000	169.685913
0.015000	167.561966
0.016000	165.446426
0.017000	163.339798
0.018000	161.242615
0.019000	159.155319
0.020000	157.078445
0.021000	155.012436
0.022000	152.957764
0.023000	150.914886
0.024000	148.884232
0.025000	146.866226
0.026000	144.861282
0.027000	142.869797
0.028000	140.892166
0.029000	138.928757
0.030000	136.979919
0.031000	135.046005
0.032000	133.127335
0.033000	131.224243
0.034000	129.336990
0.035000	127.465866
0.036000	125.611137
0.037000	123.773056
0.038000	121.951859
0.039000	120.147758
0.040000	118.360947
0.041000	116.591599
0.042000	114.839882
0.043000	113.105942
0.044000	111.389900
0.045000	109.691872
0.046000	108.011948
0.047000	106.350197
0.048000	104.706673
0.049000	103.081413
0.050000	101.474442
0.051000	99.885750
0.052000	98.315323
0.053000	96.763130
0.054000	95.229111
0.055000	93.713203
0.056000	92.215302
0.057000	90.735313
0.058000	89.273109
0.059000	87.828552
0.060000	86.401474
0.061000	84.991707
0.062000	83.599052
0.063000	82.223305
0.064000	80.864235
0.065000	79.521606
0.066000	78.195152
0.067000	76.884605
0.068000	75.589676
0.069000	74.310066
0.070000	73.045456
0.071000	71.795494
0.072000	70.559853
0.073000	69.338158
0.074000	68.130043
0.075000	66.935112
0.076000	65.752983
0.077000	64.583221
0.078000	63.425415
0.079000	62.279133
0.080000	61.143917
0.081000	60.019321
0.082000	58.904873
0.083000	57.800098
0.084000	56.704510
0.085000	55.617615
0.086000	54.538914
0.087000	53.467888
0.088000	52.404022
0.089000	51.346794
0.090000	50.295673
0.091000	49.250122
0.092000	48.209595
0.093000	47.173550
0.094000	46.141430
0.095000	45.112686
0.096000	44.086758
0.097000	43.063087
0.098000	42.041115
0.099000	41.020275
0.100000	40.000000
0.000000	200.000000
0.001000	197.935822
0.002000	195.872086
0.003000	193.809280
0.004000	191.747849
0.005000	189.688263
0.006000	187.630951
0.007000	185.576401
0.008000	183.525040
0.009000	181.477310
0.010000	179.433670
0.011000	177.394562
0.012000	175.360428
0.013000	173.331665
0.014000	171.308731
0.015000	169.292038
0.016000	167.282013
0.017000	165.279022
0.018000	163.283493
0.019000	161.295807
0.020000	159.316345
0.021000	157.345505
0.022000	155.383652
0.023000	153.431137
0.024000	151.488281
0.025000	149.555450
0.026000	147.632965
0.027000	145.721146
0.028000	143.820312
0.029000	141.930756
0.030000	140.052734
0.031000	138.186539
0.032000	136.332443
0.033000	134.490692
0.034000	132.661514
0.035000	130.845139
0.036000	129.041779
0.037000	127.251625
0.038000	125.474869
0.039000	123.711685
0.040000	121.962242
0.041000	120.226677
0.042000	118.505119
0.043000	116.797691
0.044000	115.104500
0.045000	113.425621
0.046000	111.761147
0.047000	110.111137
0.048000	108.475632
0.049000	106.854668
0.050000	105.248253
0.051000	103.656403
0.052000	102.079094
0.053000	100.516319
0.054000	98.968018
0.055000	97.434151
0.056000	95.914642
0.057000	94.409416
0.058000	92.918373
0.059000	91.441406
0.060000	89.978394
0.061000	88.529190
0.062000	87.093658
0.063000	85.671623
0.064000	84.262901
0.065000	82.867317
0.066000	81.484665
0.067000	80.114716
0.068000	78.757256
0.069000	77.412041
0.070000	76.078812
0.071000	74.757301
0.072000	73.447243
0.073000	72.148354
0.074000	70.860329
0.075000	69.582863
0.076000	68.315628
0.077000	67.058311
0.078000	65.810562
0.079000	64.572044
0.080000	63.342388
0.081000	62.121239
0.082000	60.908222
0.083000	59.702957
0.084000	58.505051
0.085000	57.314114
0.086000	56.129745
0.087000	54.951530
0.088000	53.779057
0.089000	52.611904
0.090000	51.449654
0.091000	50.291866
0.092000	49.138107
0.093000	47.987946
0.094000	46.840935
0.095000	45.696632
0.096000	44.554592
0.097000	43.414356
0.098000	42.275482
0.099000	41.137516
0.100000	40.000000
0.000000	200.000000
0.001000	198.030670
0.002000	196.061722
0.003000	194.093521
0.004000	192.126434
0.005000	190.160828
0.006000	188.197037
0.007000	186.235428
0.008000	184.276337
0.009000	182.320145
0.010000	180.367188
0.011000	178.417831
0.012000	176.472412
0.013000	174.531265
0.014000	172.594727
0.015000	170.663147
0.016000	168.736847
0.017000	166.816116
0.018000	164.901321
0.019000	162.992767
0.020000	161.090759
0.021000	159.195587
0.022000	157.307510
0.023000	155.426849
0.024000	153.553879
0.025000	151.688858
0.026000	149.832047
0.027000	147.983719
0.028000	146.144119
0.029000	144.313461
0.030000	142.491974
0.031000	140.679901
0.032000	138.877426
0.033000	137.084747
0.034000	135.302078
0.035000	133.529587
0.036000	131.767441
0.037000	130.015808
0.038000	128.274811
0.039000	126.544617
0.040000	124.825348
0.041000	123.117111
0.042000	121.420029
0.043000	119.734177
0.044000	118.059654
0.045000	116.396523
0.046000	114.744843
0.047000	113.104683
0.048000	111.476059
0.049000	109.859009
0.050000	108.253548
0.051000	106.659691
0.052000	105.077408
0.053000	103.506699
0.054000	101.947525
0.055000	100.399841
0.056000	98.863609
0.057000	97.338753
0.058000	95.825203
0.059000	94.322876
0.060000	92.831665
0.061000	91.351471
0.062000	89.882179
0.063000	88.423637
0.064000	86.975723
0.065000	85.538284
0.066000	84.111153
0.067000	82.694168
0.068000	81.287132
0.069000	79.889870
0.070000	78.502167
0.071000	77.123833
0.072000	75.754631
0.073000	74.394341
0.074000	73.042725
0.075000	71.699539
0.076000	70.364532
0.077000	69.037430
0.078000	67.717979
0.079000	66.405891
0.080000	65.100891
0.081000	63.802673
0.082000	62.510956
0.083000	61.225433
0.084000	59.945789
0.085000	58.671715
0.086000	57.402882
0.087000	56.138969
0.088000	54.879646
0.089000	53.624573
0.090000	52.373413
0.091000	51.125824
0.092000	49.881458
0.093000	48.639961
0.094000	47.400986
0.095000	46.164173
0.096000	44.929169
0.097000	43.695610
0.098000	42.463139
0.099000	41.231388
0.100000	40.000000
0.000000	200.000000
0.001000	198.106125
0.002000	196.212540
0.003000	194.319519
0.004000	192.427368
0.005000	190.536377
0.006000	188.646835
0.007000	186.759003
0.008000	184.873199
0.009000	182.989685
0.010000	181.108749
0.011000	179.230667
0.012000	177.355728
0.013000	175.484177
0.014000	173.616302
0.015000	171.752350
0.016000	169.892593
0.017000	168.037292
0.018000	166.186691
0.019000	164.341049
0.020000	162.500610
0.021000	160.665619
0.022000	158.836273
0.023000	157.012817
0.024000	155.195480
0.025000	153.384445
0.026000	151.579956
0.027000	149.782211
0.028000	147.991394
0.029000	146.207703
0.030000	144.431305
0.031000	142.662384
0.032000	140.901108
0.033000	139.147629
0.034000	137.402100
0.035000	135.664658
0.036000	133.935455
0.037000	132.214615
0.038000	130.502258
0.039000	128.798492
0.040000	127.103401
0.041000	125.417099
0.042000	123.739662
0.043000	122.071175
0.044000	120.411697
0.045000	118.761292
0.046000	117.120010
0.047000	115.487885
0.048000	113.864952
0.049000	112.251236
0.050000	110.646751
0.051000	109.051491
0.052000	107.465462
0.053000	105.888641
0.054000	104.321014
0.055000	102.762543
0.056000	101.213181
0.057000	99.672882
0.058000	98.141594
0.059000	96.619240
0.060000	95.105751
0.061000	93.601036
0.062000	92.104996
0.063000	90.617538
0.064000	89.138550
0.065000	87.667900
0.066000	86.205467
0.067000	84.751114
0.068000	83.304703
0.069000	81.866081
0.070000	80.435081
0.071000	79.011543
0.072000	77.595291
0.073000	76.186150
0.074000	74.783913
0.075000	73.388397
0.076000	71.999397
0.077000	70.616714
0.078000	69.240128
0.079000	67.869415
0.080000	66.504356
0.081000	65.144707
0.082000	63.790241
0.083000	62.440712
0.084000	61.095871
0.085000	59.755470
0.086000	58.419254
0.087000	57.086964
0.088000	55.758331
0.089000	54.433090
0.090000	53.110970
0.091000	51.791698
0.092000	50.474995
0.093000	49.160587
0.094000	47.848183
0.095000	46.537506
0.096000	45.228271
0.097000	43.920189
0.098000	42.612972
0.099000	41.306339
0.100000	40.000000
0.000000	200.000000
0.001000	198.166077
0.002000	196.332382
0.003000	194.499130
0.004000	192.666580
0.005000	190.834946
0.006000	189.004440
0.007000	187.175323
0.008000	185.347794
0.009000	183.522110
0.010000	181.698486
0.011000	179.877121
0.012000	178.058228
0.013000	176.242050
0.014000	174.428787
0.015000	172.618668
0.016000	170.811859
0.017000	169.008606
0.018000	167.209091
0.019000	165.413513
0.020000	163.622055
0.021000	161.834930
0.022000	160.052338
0.023000	158.274445
0.024000	156.501389
0.025000	154.733383
0.026000	152.970566
0.027000	151.213104
0.028000	149.461166
0.029000	147.714874
0.030000	145.974396
0.031000	144.239868
0.032000	142.511414
0.033000	140.789185
0.034000	139.073288
0.035000	137.363831
0.036000	135.660919
0.037000	133.964661
0.038000	132.275146
0.039000	130.592468
0.040000	128.916702
0.041000	127.247932
0.042000	125.586212
0.043000	123.931610
0.044000	122.284187
0.045000	120.643982
0.046000	119.011040
0.047000	117.385399
0.048000	115.767075
0.049000	114.156090
0.050000	112.552444
0.051000	110.956161
0.052000	109.367226
0.053000	107.785622
0.054000	106.211334
0.055000	104.644341
0.056000	103.084610
0.057000	101.532097
0.058000	99.986755
0.059000	98.448532
0.060000	96.917366
0.061000	95.393188
0.062000	93.875923
0.063000	92.365486
0.064000	90.861801
0.065000	89.364769
0.066000	87.874275
0.067000	86.390228
0.068000	84.912498
0.069000	83.440971
0.070000	81.975525
0.071000	80.516022
0.072000	79.062317
0.073000	77.614281
0.074000	76.171745
0.075000	74.734566
0.076000	73.302582
0.077000	71.875626
0.078000	70.453537
0.079000	69.036118
0.080000	67.623207
0.081000	66.214607
0.082000	64.810135
0.083000	63.409599
0.084000	62.012802
0.085000	60.619545
0.086000	59.229618
0.087000	57.842819
0.088000	56.458935
0.089000	55.077755
0.090000	53.699066
0.091000	52.322643
0.092000	50.948273
0.093000	49.575722
0.094000	48.204777
0.095000	46.835209
0.096000	45.466789
0.097000	44.099285
0.098000	42.732471
0.099000	41.366119
0.100000	40.000000
0.000000	200.000000
0.001000	198.213699
0.002000	196.427597
0.003000	194.641876
0.004000	192.856720
0.005000	191.072296
0.006000	189.288803
0.007000	187.506424
0.008000	185.725342
0.009000	183.945709
0.010000	182.167679
0.011000	180.391464
0.012000	178.617218
0.013000	176.845139
0.014000	175.075378
0.015000	173.308090
0.016000	171.543472
0.017000	169.781647
0.018000	168.022812
0.019000	166.267090
0.020000	164.514679
0.021000	162.765701
0.022000	161.020309
0.023000	159.278641
0.024000	157.540833
0.025000	155.807037
0.026000	154.077362
0.027000	152.351974
0.028000	150.630997
0.029000	148.914536
0.030000	147.202682
0.031000	145.495560
0.032000	143.793274
0.033000	142.095932
0.034000	140.403610
0.035000	138.716431
0.036000	137.034470
0.037000	135.357788
0.038000	133.686478
0.039000	132.020615
0.040000	130.360260
0.041000	128.705475
0.042000	127.056320
0.043000	125.412819
0.044000	123.775040
0.045000	122.142998
0.046000	120.516747
0.047000	118.896294
0.048000	117.281677
0.049000	115.672905
0.050000	114.069977
0.051000	112.472908
0.052000	110.881683
0.053000	109.296303
0.054000	107.716759
0.055000	106.143013
0.056000	104.575050
0.057000	103.012833
0.058000	101.456329
0.059000	99.905495
0.060000	98.360283
0.061000	96.820641
0.062000	95.286499
0.063000	93.757797
0.064000	92.234474
0.065000	90.716438
0.066000	89.203613
0.067000	87.695923
0.068000	86.193275
0.069000	84.695572
0.070000	83.202698
0.071000	81.714561
0.072000	80.231041
0.073000	78.752029
0.074000	77.277420
0.075000	75.807068
0.076000	74.340858
0.077000	72.878647
0.078000	71.420303
0.079000	69.965691
0.080000	68.514664
0.081000	67.067070
0.082000	65.622780
0.083000	64.181618
0.084000	62.743427
0.085000	61.308056
0.086000	59.875340
0.087000	58.445114
0.088000	57.017212
0.089000	55.591465
0.090000	54.167698
0.091000	52.745735
0.092000	51.325409
0.093000	49.906532
0.094000	48.488934
0.095000	47.072426
0.096000	45.656837
0.097000	44.241982
0.098000	42.827679
0.099000	41.413746
0.100000	40.000000
0.000000	200.000000
0.001000	198.251770
0.002000	196.503662
0.003000	194.755859
0.004000	193.008469
0.005000	191.261673
0.006000	189.515594
0.007000	187.770370
0.008000	186.026169
0.009000	184.283127
0.010000	182.541397
0.011000	180.801086
0.012000	179.062332
0.013000	177.325302
0.014000	175.590118
0.015000	173.856918
0.016000	172.125824
0.017000	170.396957
0.018000	168.670456
0.019000	166.946472
0.020000	165.225128
0.021000	163.506546
0.022000	161.790802
0.023000	160.078003
0.024000	158.368301
0.025000	156.661774
0.026000	154.958557
0.027000	153.258713
0.028000	151.562378
0.029000	149.869629
0.030000	148.180573
0.031000	146.495255
0.032000	144.813812
0.033000	143.136292
0.034000	141.462769
0.035000	139.793320
0.036000	138.128036
0.037000	136.466980
0.038000	134.810211
0.039000	133.157791
0.040000	131.509735
0.041000	129.866104
0.042000	128.226944
0.043000	126.592293
0.044000	124.962189
0.045000	123.336670
0.046000	121.715752
0.047000	120.099457
0.048000	118.487801
0.049000	116.880798
0.050000	115.278450
0.051000	113.680779
0.052000	112.087753
0.053000	110.499382
0.054000	108.915649
0.055000	107.336540
0.056000	105.762032
0.057000	104.192108
0.058000	102.626732
0.059000	101.065880
0.060000	99.509491
0.061000	97.957542
0.062000	96.409966
0.063000	94.866730
0.064000	93.327774
0.065000	91.793030
0.066000	90.262444
0.067000	88.735939
0.068000	87.213440
0.069000	85.694885
0.070000	84.180176
0.071000	82.669243
0.072000	81.161987
0.073000	79.658325
0.074000	78.158157
0.075000	76.661385
0.076000	75.167908
0.077000	73.677612
0.078000	72.190407
0.079000	70.706161
0.080000	69.224777
0.081000	67.746124
0.082000	66.270103
0.083000	64.796577
0.084000	63.325424
0.085000	61.856514
0.086000	60.389713
0.087000	58.924900
0.088000	57.461937
0.089000	56.000687
0.090000	54.541012
0.091000	53.082779
0.092000	51.625843
0.093000	50.170071
0.094000	48.715309
0.095000	47.261425
0.096000	45.808266
0.097000	44.355690
0.098000	42.903549
0.099000	41.451702
0.100000	40.000000
0.000000	200.000000
0.001000	198.282013
0.002000	196.564117
0.003000	194.846436
0.004000	193.129089
0.005000	191.412201
0.006000	189.695877
0.007000	187.980255
0.008000	186.265442
0.009000	184.551559
0.010000	182.838730
0.011000	181.127029
0.012000	179.416565
0.013000	177.707474
0.014000	175.999863
0.015000	174.293823
0.016000	172.589462
0.017000	170.886887
0.018000	169.186218
0.019000	167.487518
0.020000	165.790924
0.021000	164.096481
0.022000	162.404327
0.023000	160.714523
0.024000	159.027161
0.025000	157.342346
0.026000	155.660156
0.027000	153.980682
0.028000	152.303970
0.029000	150.630112
0.030000	148.959198
0.031000	147.291275
0.032000	145.626434
0.033000	143.964706
0.034000	142.306183
0.035000	140.650894
0.036000	138.998932
0.037000	137.350311
0.038000	135.705109
0.039000	134.063339
0.040000	132.425064
0.041000	130.790314
0.042000	129.159134
0.043000	127.531540
0.044000	125.907570
0.045000	124.287239
0.046000	122.670578
0.047000	121.057587
0.048000	119.448296
0.049000	117.842712
0.050000	116.240837
0.051000	114.642677
0.052000	113.048225
0.053000	111.457474
0.054000	109.870422
0.055000	108.287056
0.056000	106.707344
0.057000	105.131287
0.058000	103.558838
0.059000	101.989998
0.060000	100.424721
0.061000	98.862976
0.062000	97.304710
0.063000	95.749901
0.064000	94.198494
0.065000	92.650452
0.066000	91.105705
0.067000	89.564217
0.068000	88.025925
0.069000	86.490768
0.070000	84.958672
0.071000	83.429588
0.072000	81.903427
0.073000	80.380127
0.074000	78.859612
0.075000	77.341797
0.076000	75.826607
0.077000	74.313957
0.078000	72.803757
0.079000	71.295929
0.080000	69.790367
0.081000	68.286995
0.082000	66.785698
0.083000	65.286392
0.084000	63.788975
0.085000	62.293346
0.086000	60.799404
0.087000	59.307037
0.088000	57.816147
0.089000	56.326618
0.090000	54.838348
0.091000	53.351227
0.092000	51.865135
0.093000	50.379967
0.094000	48.895607
0.095000	47.411942
0.096000	45.928860
0.097000	44.446239
0.098000	42.963966
0.099000	41.481926
0.100000	40.000000
0.000000	200.000000
0.001000	198.306046
0.002000	196.612183
0.003000	194.918518
0.004000	193.225113
0.005000	191.532089
0.006000	189.839508
0.007000	188.147491
0.008000	186.456116
0.009000	184.765488
0.010000	183.075668
0.011000	181.386765
0.012000	179.698853
0.013000	178.012009
0.014000	176.326340
0.015000	174.641922
0.016000	172.958847
0.017000	171.277176
0.018000	169.597015
0.019000	167.918427
0.020000	166.241516
0.021000	164.566330
0.022000	162.892944
0.023000	161.221420
0.024000	159.551865
0.025000	157.884338
0.026000	156.218903
0.027000	154.555618
0.028000	152.894547
0.029000	151.235748
0.030000	149.579285
0.031000	147.925217
0.032000	146.273590
0.033000	144.624451
0.034000	142.977859
0.035000	141.333847
0.036000	139.692474
0.037000	138.053757
0.038000	136.417755
0.039000	134.784500
0.040000	133.154022
0.041000	131.526367
0.042000	129.901535
0.043000	128.279556
0.044000	126.660461
0.045000	125.044266
0.046000	123.430977
0.047000	121.820633
0.048000	120.213219
0.049000	118.608757
0.050000	117.007248
0.051000	115.408707
0.052000	113.813118
0.053000	112.220482
0.054000	110.630783
0.055000	109.044014
0.056000	107.460167
0.057000	105.879219
0.058000	104.301155
0.059000	102.725945
0.060000	101.153580
0.061000	99.584023
0.062000	98.017250
0.063000	96.453232
0.064000	94.891922
0.065000	93.333275
0.066000	91.777267
0.067000	90.223854
0.068000	88.672974
0.069000	87.124596
0.070000	85.578651
0.071000	84.035110
0.072000	82.493896
0.073000	80.954956
0.074000	79.418236
0.075000	77.883675
0.076000	76.351196
0.077000	74.820740
0.078000	73.292244
0.079000	71.765625
0.080000	70.240814
0.081000	68.717743
0.082000	67.196335
0.083000	65.676506
0.084000	64.158173
0.085000	62.641270
0.086000	61.125702
0.087000	59.611389
0.088000	58.098255
0.089000	56.586205
0.090000	55.075157
0.091000	53.565018
0.092000	52.055706
0.093000	50.547131
0.094000	49.039196
0.095000	47.531815
0.096000	46.024895
0.097000	44.518345
0.098000	43.012074
0.099000	41.505989
0.100000	40.000000
0.000000	200.000000
0.001000	198.325241
0.002000	196.650543
0.003000	194.975998
0.004000	193.301651
0.005000	191.627594
0.006000	189.953903
0.007000	188.280670
0.008000	186.607925
0.009000	184.935776
0.010000	183.264252
0.011000	181.593445
0.012000	179.923447
0.013000	178.254318
0.014000	176.586121
0.015000	174.918915
0.016000	173.252792
0.017000	171.587784
0.018000	169.923965
0.019000	168.261398
0.020000	166.600159
0.021000	164.940308
0.022000	163.281891
0.023000	161.624969
0.024000	159.969620
0.025000	158.315857
0.026000	156.663773
0.027000	155.013397
0.028000	153.364792
0.029000	151.717987
0.030000	150.073044
0.031000	148.430008
0.032000	146.788910
0.033000	145.149796
0.034000	143.512695
0.035000	141.877655
0.036000	140.244705
0.037000	138.613892
0.038000	136.985229
0.039000	135.358749
0.040000	133.734482
0.041000	132.112442
0.042000	130.492676
0.043000	128.875183
0.044000	127.259972
0.045000	125.647072
0.046000	124.036484
0.047000	122.428238
0.048000	120.822319
0.049000	119.218758
0.050000	117.617554
0.051000	116.018707
0.052000	114.422211
0.053000	112.828072
0.054000	111.236267
0.055000	109.646790
0.056000	108.059647
0.057000	106.474808
0.058000	104.892265
0.059000	103.312004
0.060000	101.734001
0.061000	100.158226
0.062000	98.584671
0.063000	97.013298
0.064000	95.444092
0.065000	93.877029
0.066000	92.312050
0.067000	90.749138
0.068000	89.188248
0.069000	87.629341
0.070000	86.072380
0.071000	84.517319
0.072000	82.964127
0.073000	81.412743
0.074000	79.863113
0.075000	78.315208
0.076000	76.768959
0.077000	75.224312
0.078000	73.681229
0.079000	72.139648
0.080000	70.599510
0.081000	69.060753
0.082000	67.523315
0.083000	65.987137
0.084000	64.452156
0.085000	62.918312
0.086000	61.385529
0.087000	59.853748
0.088000	58.322899
0.089000	56.792915
0.090000	55.263733
0.091000	53.735271
0.092000	52.207470
0.093000	50.680256
0.094000	49.153549
0.095000	47.627285
0.096000	46.101387
0.097000	44.575787
0.098000	43.050404
0.099000	41.525169
0.100000	40.000000
0.000000	200.000000
0.001000	198.340408
0.002000	196.680893
0.003000	195.021515
0.004000	193.362335
0.005000	191.703415
0.006000	190.044785
0.007000	188.386490
0.008000	186.728592
0.009000	185.071152
0.010000	183.414230
0.011000	181.757889
0.012000	180.102188
0.013000	178.447159
0.014000	176.792892
0.015000	175.139420
0.016000	173.486801
0.017000	171.835083
0.018000	170.184296
0.019000	168.534515
0.020000	166.885788
0.021000	165.238174
0.022000	163.591690
0.023000	161.946381
0.024000	160.302322
0.025000	158.659546
0.026000	157.018097
0.027000	155.377991
0.028000	153.739304
0.029000	152.102051
0.030000	150.466263
0.031000	148.831985
0.032000	147.199249
0.033000	145.568115
0.034000	143.938583
0.035000	142.310699
0.036000	140.684464
0.037000	139.059937
0.038000	137.437103
0.039000	135.816025
0.040000	134.196701
0.041000	132.579147
0.042000	130.963409
0.043000	129.349457
0.044000	127.737343
0.045000	126.127060
0.046000	124.518631
0.047000	122.912064
0.048000	121.307358
0.049000	119.704529
0.050000	118.103561
0.051000	116.504478
0.052000	114.907257
0.053000	113.311913
0.054000	111.718430
0.055000	110.126808
0.056000	108.537041
0.057000	106.949104
0.058000	105.362999
0.059000	103.778709
0.060000	102.196220
0.061000	100.615517
0.062000	99.036568
0.063000	97.459358
0.064000	95.883873
0.065000	94.310074
0.066000	92.737938
0.067000	91.167450
0.068000	89.598579
0.069000	88.031303
0.070000	86.465569
0.071000	84.901352
0.072000	83.338608
0.073000	81.777306
0.074000	80.217415
0.075000	78.658882
0.076000	77.101669
0.077000	75.545746
0.078000	73.991051
0.079000	72.437553
0.080000	70.885201
0.081000	69.333954
0.082000	67.783752
0.083000	66.234558
0.084000	64.686317
0.085000	63.138973
0.086000	61.592476
0.087000	60.046780
0.088000	58.501823
0.089000	56.957558
0.090000	55.413925
0.091000	53.870876
0.092000	52.328346
0.093000	50.786285
0.094000	49.244625
0.095000	47.703320
0.096000	46.162308
0.097000	44.621529
0.098000	43.080925
0.099000	41.540436
0.100000	40.000000
0.000000	200.000000
0.001000	198.352676
0.002000	196.705383
0.003000	195.058182
0.004000	193.411118
0.005000	191.764236
0.006000	190.117584
0.007000	188.471191
0.008000	186.825134
0.009000	185.179443
0.010000	183.534164
0.011000	181.889328
0.012000	180.244995
0.013000	178.601227
0.014000	176.958023
0.015000	175.315460
0.016000	173.673584
0.017000	172.032394
0.018000	170.391968
0.019000	168.752350
0.020000	167.113556
0.021000	165.475632
0.022000	163.838623
0.023000	162.202576
0.024000	160.567490
0.025000	158.933441
0.026000	157.300430
0.027000	155.668488
0.028000	154.037674
0.029000	152.408020
0.030000	150.779541
0.031000	149.152252
0.032000	147.526215
0.033000	145.901413
0.034000	144.277908
0.035000	142.655701
0.036000	141.034805
0.037000	139.415268
0.038000	137.797089
0.039000	136.180283
0.040000	134.564896
0.041000	132.950928
0.042000	131.338379
0.043000	129.727280
0.044000	128.117615
0.045000	126.509415
0.046000	124.902695
0.047000	123.297447
0.048000	121.693687
0.049000	120.091408
0.050000	118.490631
0.051000	116.891350
0.052000	115.293571
0.053000	113.697273
0.054000	112.102463
0.055000	110.509125
0.056000	108.917259
0.057000	107.326859
0.058000	105.737915
0.059000	104.150406
0.060000	102.564339
0.061000	100.979683
0.062000	99.396439
0.063000	97.814583
0.064000	96.234085
0.065000	94.654945
0.066000	93.077126
0.067000	91.500610
0.068000	89.925385
0.069000	88.351418
0.070000	86.778679
0.071000	85.207153
0.072000	83.636803
0.073000	82.067604
0.074000	80.499527
0.075000	78.932533
0.076000	77.366592
0.077000	75.801666
0.078000	74.237732
0.079000	72.674751
0.080000	71.112686
0.081000	69.551491
0.082000	67.991127
0.083000	66.431572
0.084000	64.872772
0.085000	63.314682
0.086000	61.757267
0.087000	60.200489
0.088000	58.644295
0.089000	57.088654
0.090000	55.533520
0.091000	53.978848
0.092000	52.424591
0.093000	50.870705
0.094000	49.317142
0.095000	47.763859
0.096000	46.210808
0.097000	44.657940
0.098000	43.105213
0.099000	41.552582
0.100000	40.000000
0.000000	200.000000
0.001000	198.362366
0.002000	196.724762
0.003000	195.087219
0.004000	193.449783
0.005000	191.812485
0.006000	190.175385
0.007000	188.538498
0.008000	186.901855
0.009000	185.265503
0.010000	183.629471
0.011000	181.993805
0.012000	180.358551
0.013000	178.723709
0.014000	177.089355
0.015000	175.455475
0.016000	173.822144
0.017000	172.189362
0.018000	170.557175
0.019000	168.925629
0.020000	167.294769
0.021000	165.664597
0.022000	164.035172
0.023000	162.406494
0.024000	160.778580
0.025000	159.151489
0.026000	157.525208
0.027000	155.899811
0.028000	154.275284
0.029000	152.651688
0.030000	151.029007
0.031000	149.407303
0.032000	147.786560
0.033000	146.166824
0.034000	144.548096
0.035000	142.930420
0.036000	141.313782
0.037000	139.698227
0.038000	138.083740
0.039000	136.470367
0.040000	134.858124
0.041000	133.246994
0.042000	131.636993
0.043000	130.028137
0.044000	128.420441
0.045000	126.813911
0.046000	125.208542
0.047000	123.604355
0.048000	122.001343
0.049000	120.399513
0.050000	118.798882
0.051000	117.199448
0.052000	115.601212
0.053000	114.004158
0.054000	112.408279
0.055000	110.813583
0.056000	109.220047
0.057000	107.627686
0.058000	106.036484
0.059000	104.446426
0.060000	102.857506
0.061000	101.269714
0.062000	99.683044
0.063000	98.097481
0.064000	96.512993
0.065000	94.929588
0.066000	93.347237
0.067000	91.765930
0.068000	90.185638
0.069000	88.606354
0.070000	87.028046
0.071000	85.450706
0.072000	83.874290
0.073000	82.298798
0.074000	80.724197
0.075000	79.150452
0.076000	77.577553
0.077000	76.005455
0.078000	74.434143
0.079000	72.863579
0.080000	71.293755
0.081000	69.724640
0.082000	68.156204
0.083000	66.588402
0.084000	65.021194
0.085000	63.454559
0.086000	61.888458
0.087000	60.322861
0.088000	58.757736
0.089000	57.193043
0.090000	55.628754
0.091000	54.064831
0.092000	52.501240
0.093000	50.937939
0.094000	49.374897
0.095000	47.812080
0.096000	46.249443
0.097000	44.686958
0.098000	43.124580
0.099000	41.562271
0.100000	40.000000
0.000000	200.000000
0.001000	198.370026
0.002000	196.740082
0.003000	195.110214
0.004000	193.480423
0.005000	191.850769
0.006000	190.221252
0.007000	188.591919
0.008000	186.962799
0.009000	185.333893
0.010000	183.705246
0.011000	182.076889
0.012000	180.448837
0.013000	178.821136
0.014000	177.193802
0.015000	175.566864
0.016000	173.940369
0.017000	172.314331
0.018000	170.688751
0.019000	169.063660
0.020000	167.439117
0.021000	165.815109
0.022000	164.191696
0.023000	162.568848
0.024000	160.946640
0.025000	159.325058
0.026000	157.704163
0.027000	156.083954
0.028000	154.464447
0.029000	152.845673
0.030000	151.227631
0.031000	149.610367
0.032000	147.993851
0.033000	146.378143
0.034000	144.763245
0.035000	143.149170
0.036000	141.535919
0.037000	139.923538
0.038000	138.312027
0.039000	136.701370
0.040000	135.091614
0.041000	133.482742
0.042000	131.874756
0.043000	130.267700
0.044000	128.661575
0.045000	127.056366
0.046000	125.452087
0.047000	123.848747
0.048000	122.246330
0.049000	120.644867
0.050000	119.044357
0.051000	117.444801
0.052000	115.846199
0.053000	114.248550
0.054000	112.651833
0.055000	111.056046
0.056000	109.461197
0.057000	107.867264
0.058000	106.274261
0.059000	104.682175
0.060000	103.090988
0.061000	101.500702
0.062000	99.911308
0.063000	98.322784
0.064000	96.735130
0.065000	95.148338
0.066000	93.562386
0.067000	91.977257
0.068000	90.392937
0.069000	88.809425
0.070000	87.226685
0.071000	85.644714
0.072000	84.063484
0.073000	82.482979
0.074000	80.903191
0.075000	79.324081
0.076000	77.745644
0.077000	76.167854
0.078000	74.590691
0.079000	73.014122
0.080000	71.438141
0.081000	69.862709
0.082000	68.287811
0.083000	66.713409
0.084000	65.139488
0.085000	63.566021
0.086000	61.992981
0.087000	60.420345
0.088000	58.848083
0.089000	57.276169
0.090000	55.704578
0.091000	54.133282
0.092000	52.562248
0.093000	50.991451
0.094000	49.420860
0.095000	47.850445
0.096000	46.280174
0.097000	44.710018
0.098000	43.139957
0.099000	41.569962
0.100000	40.000000
0.000000	200.000000
0.001000	198.376221
0.002000	196.752472
0.003000	195.128738
0.004000	193.505096
0.005000	191.881531
0.006000	190.258072
0.007000	188.634735
0.008000	187.011566
0.009000	185.388596
0.010000	183.765808
0.011000	182.143265
0.012000	180.520950
0.013000	178.898926
0.014000	177.277176
0.015000	175.655731
0.016000	174.034637
0.017000	172.413910
0.018000	170.793564
0.019000	169.173615
0.020000	167.554092
0.021000	165.934998
0.022000	164.316376
0.023000	162.698212
0.024000	161.080551
0.025000	159.463379
0.026000	157.846741
0.027000	156.230652
0.028000	154.615143
0.029000	153.000198
0.030000	151.385834
0.031000	149.772079
0.032000	148.158951
0.033000	146.546463
0.034000	144.934601
0.035000	143.323380
0.036000	141.712845
0.037000	140.102982
0.038000	138.493820
0.039000	136.885345
0.040000	135.277573
0.041000	133.670502
0.042000	132.064133
0.043000	130.458496
0.044000	128.853607
0.045000	127.249466
0.046000	125.646065
0.047000	124.043411
0.048000	122.441498
0.049000	120.840340
0.050000	119.239929
0.051000	117.640282
0.052000	116.041382
0.053000	114.443230
0.054000	112.845825
0.055000	111.249176
0.056000	109.653259
0.057000	108.058090
0.058000	106.463654
0.059000	104.869949
0.060000	103.276955
0.061000	101.684685
0.062000	100.093117
0.063000	98.502251
0.064000	96.912071
0.065000	95.322571
0.066000	93.733749
0.067000	92.145576
0.068000	90.558060
0.069000	88.971161
0.070000	87.384888
0.071000	85.799225
0.072000	84.214157
0.073000	82.629669
0.074000	81.045746
0.075000	79.462379
0.076000	77.879539
0.077000	76.297203
0.078000	74.715370
0.079000	73.134010
0.080000	71.553116
0.081000	69.972656
0.082000	68.392616
0.083000	66.812988
0.084000	65.233734
0.085000	63.654839
0.086000	62.076290
0.087000	60.498058
0.088000	58.920128
0.089000	57.342476
0.090000	55.765076
0.091000	54.187908
0.092000	52.610947
0.093000	51.034172
0.094000	49.457558
0.095000	47.881084
0.096000	46.304726
0.097000	44.728462
0.098000	43.152271
0.099000	41.576122
0.100000	40.000000
0.000000	200.000000
0.001000	198.381119
0.002000	196.762253
0.003000	195.143417
0.004000	193.524612
0.005000	191.905884
0.006000	190.287247
0.007000	188.668701
0.008000	187.050293
0.009000	185.432022
0.010000	183.813904
0.011000	182.195984
0.012000	180.578262
0.013000	178.960754
0.014000	177.343460
0.015000	175.726425
0.016000	174.109665
0.017000	172.493164
0.018000	170.876984
0.019000	169.261124
0.020000	167.645599
0.021000	166.030411
0.022000	164.415604
0.023000	162.801178
0.024000	161.187134
0.025000	159.573502
0.026000	157.960266
0.027000	156.347488
0.028000	154.735138
0.029000	153.123260
0.030000	151.511826
0.031000	149.900879
0.032000	148.290436
0.033000	146.680496
0.034000	145.071060
0.035000	143.462158
0.036000	141.853760
0.037000	140.245895
0.038000	138.638596
0.039000	137.031845
0.040000	135.425674
0.041000	133.820053
0.042000	132.215012
0.043000	130.610535
0.044000	129.006653
0.045000	127.403336
0.046000	125.800606
0.047000	124.198463
0.048000	122.596924
0.049000	120.995979
0.050000	119.395638
0.051000	117.795914
0.052000	116.196785
0.053000	114.598244
0.054000	113.000305
0.055000	111.402954
0.056000	109.806206
0.057000	108.210037
0.058000	106.614464
0.059000	105.019470
0.060000	103.425049
0.061000	101.831184
0.062000	100.237892
0.063000	98.645149
0.064000	97.052963
0.065000	95.461311
0.066000	93.870193
0.067000	92.279602
0.068000	90.689529
0.069000	89.099953
0.070000	87.510880
0.071000	85.922287
0.072000	84.334160
0.073000	82.746498
0.074000	81.159279
0.075000	79.572502
0.076000	77.986130
0.077000	76.400169
0.078000	74.814613
0.079000	73.229431
0.080000	71.644623
0.081000	70.060165
0.082000	68.476051
0.083000	66.892250
0.084000	65.308754
0.085000	63.725548
0.086000	62.142609
0.087000	60.559921
0.088000	58.977470
0.089000	57.395233
0.090000	55.813202
0.091000	54.231358
0.092000	52.649677
0.093000	51.068142
0.094000	49.486740
0.095000	47.905445
0.096000	46.324245
0.097000	44.743122
0.098000	43.162048
0.099000	41.581017
0.100000	40.000000
0.000000	200.000000
0.001000	198.384979
0.002000	196.769974
0.003000	195.154984
0.004000	193.540039
0.005000	191.925171
0.006000	190.310364
0.007000	188.695663
0.008000	187.081039
0.009000	185.466537
0.010000	183.852173
0.011000	182.237946
0.012000	180.623871
0.013000	179.009964
0.014000	177.396240
0.015000	175.782715
0.016000	174.169403
0.017000	172.556305
0.018000	170.943451
0.019000	169.330856
0.020000	167.718506
0.021000	166.106445
0.022000	164.494659
0.023000	162.883179
0.024000	161.272018
0.025000	159.661179
0.026000	158.050674
0.027000	156.440506
0.028000	154.830673
0.029000	153.221222
0.030000	151.612152
0.031000	150.003464
0.032000	148.395142
0.033000	146.787231
0.034000	145.179718
0.035000	143.572601
0.036000	141.965912
0.037000	140.359665
0.038000	138.753860
0.039000	137.148499
0.040000	135.543579
0.041000	133.939102
0.042000	132.335083
0.043000	130.731506
0.044000	129.128403
0.045000	127.525757
0.046000	125.923576
0.047000	124.321861
0.048000	122.720627
0.049000	121.119858
0.050000	119.519585
0.051000	117.919800
0.052000	116.320488
0.053000	114.721649
0.054000	113.123283
0.055000	111.525398
0.056000	109.927979
0.057000	108.331024
0.058000	106.734535
0.059000	105.138512
0.060000	103.542953
0.061000	101.947838
0.062000	100.353165
0.063000	98.758942
0.064000	97.165146
0.065000	95.571785
0.066000	93.978851
0.067000	92.386322
0.068000	90.794212
0.069000	89.202499
0.070000	87.611183
0.071000	86.020241
0.072000	84.429680
0.073000	82.839493
0.074000	81.249649
0.075000	79.660156
0.076000	78.070999
0.077000	76.482170
0.078000	74.893646
0.079000	73.305428
0.080000	71.717499
0.081000	70.129852
0.082000	68.542465
0.083000	66.955330
0.084000	65.368439
0.085000	63.781780
0.086000	62.195332
0.087000	60.609089
0.088000	59.023029
0.089000	57.437149
0.090000	55.851425
0.091000	54.265850
0.092000	52.680405
0.093000	51.095074
0.094000	49.509853
0.095000	47.924728
0.096000	46.339684
0.097000	44.754704
0.098000	43.169773
0.099000	41.584877
0.100000	40.000000
0.000000	200.000000
0.001000	198.388092
0.002000	196.776199
0.003000	195.164337
0.004000	193.552490
0.005000	191.940674
0.006000	190.328934
0.007000	188.717255
0.008000	187.105667
0.009000	185.494156
0.010000	183.882751
0.011000	182.271439
0.012000	180.660263
0.013000	179.049210
0.014000	177.438309
0.015000	175.827560
0.016000	174.216965
0.017000	172.606567
0.018000	170.996368
0.019000	169.386368
0.020000	167.776566
0.021000	166.166992
0.022000	164.557632
0.023000	162.948502
0.024000	161.339630
0.025000	159.731018
0.026000	158.122681
0.027000	156.514603
0.028000	154.906799
0.029000	153.299271
0.030000	151.692017
0.031000	150.085083
0.032000	148.478485
0.033000	146.872192
0.034000	145.266235
0.035000	143.660583
0.036000	142.055283
0.037000	140.450302
0.038000	138.845673
0.039000	137.241379
0.040000	135.637421
0.041000	134.033813
0.042000	132.430588
0.043000	130.827744
0.044000	129.225281
0.045000	127.623192
0.046000	126.021477
0.047000	124.420135
0.048000	122.819168
0.049000	121.218575
0.050000	119.618362
0.051000	118.018524
0.052000	116.419067
0.053000	114.819984
0.054000	113.221275
0.055000	111.622940
0.056000	110.024979
0.057000	108.427391
0.058000	106.830177
0.059000	105.233337
0.060000	103.636864
0.061000	102.040741
0.062000	100.444969
0.063000	98.849556
0.064000	97.254478
0.065000	95.659752
0.066000	94.065369
0.067000	92.471313
0.068000	90.877579
0.069000	89.284172
0.070000	87.691071
0.071000	86.098274
0.072000	84.505775
0.073000	82.913567
0.074000	81.321640
0.075000	79.729996
0.076000	78.138611
0.077000	76.547478
0.078000	74.956604
0.079000	73.365967
0.080000	71.775551
0.081000	70.185364
0.082000	68.595398
0.083000	67.005623
0.084000	65.416046
0.085000	63.826653
0.086000	62.237431
0.087000	60.648365
0.088000	59.059452
0.089000	57.470673
0.090000	55.882023
0.091000	54.293488
0.092000	52.705059
0.093000	51.116726
0.094000	49.528477
0.095000	47.940292
0.096000	46.352165
0.097000	44.764084
0.098000	43.176041
0.099000	41.588017
0.100000	40.000000
0.000000	200.000000
0.001000	198.390579
0.002000	196.781174
0.003000	195.171783
0.004000	193.562393
0.005000	191.953049
0.006000	190.343735
0.007000	188.734467
0.008000	187.125259
0.009000	185.516129
0.010000	183.907059
0.011000	182.298096
0.012000	180.689224
0.013000	179.080444
0.014000	177.471786
0.015000	175.863266
0.016000	174.254883
0.017000	172.646652
0.018000	171.038559
0.019000	169.430618
0.020000	167.822830
0.021000	166.215195
0.022000	164.607758
0.023000	163.000519
0.024000	161.393478
0.025000	159.786636
0.026000	158.180008
0.027000	156.573593
0.028000	154.967392
0.029000	153.361404
0.030000	151.755630
0.031000	150.150116
0.032000	148.544861
0.033000	146.939865
0.034000	145.335114
0.035000	143.730637
0.036000	142.126404
0.037000	140.522461
0.038000	138.918777
0.039000	137.315384
0.040000	135.712250
0.041000	134.109406
0.042000	132.506821
0.043000	130.904526
0.044000	129.302490
0.045000	127.700752
0.046000	126.099319
0.047000	124.498199
0.048000	122.897392
0.049000	121.296898
0.050000	119.696716
0.051000	118.096848
0.052000	116.497292
0.053000	114.898048
0.054000	113.299110
0.055000	111.700462
0.056000	110.102104
0.057000	108.504036
0.058000	106.906258
0.059000	105.308769
0.060000	103.711571
0.061000	102.114647
0.062000	100.518013
0.063000	98.921661
0.064000	97.325592
0.065000	95.729797
0.066000	94.134254
0.067000	92.538979
0.068000	90.943954
0.069000	89.349190
0.070000	87.754669
0.071000	86.160400
0.072000	84.566360
0.073000	82.972557
0.074000	81.378967
0.075000	79.785599
0.076000	78.192451
0.077000	76.599495
0.078000	75.006744
0.079000	73.414177
0.080000	71.821808
0.081000	70.229599
0.082000	68.637566
0.083000	67.045685
0.084000	65.453964
0.085000	63.862385
0.086000	62.270939
0.087000	60.679623
0.088000	59.088421
0.089000	57.497330
0.090000	55.906342
0.091000	54.315445
0.092000	52.724632
0.093000	51.133892
0.094000	49.543217
0.095000	47.952599
0.096000	46.362026
0.097000	44.771488
0.098000	43.180981
0.099000	41.590485
0.100000	40.000000
0.000000	200.000000
0.001000	198.392532
0.002000	196.785080
0.003000	195.177628
0.004000	193.570206
0.005000	191.962799
0.006000	190.355438
0.007000	188.748093
0.008000	187.140793
0.009000	185.533554
0.010000	183.926392
0.011000	182.319305
0.012000	180.712296
0.013000	179.105347
0.014000	177.498505
0.015000	175.891754
0.016000	174.285095
0.017000	172.678528
0.018000	171.072083
0.019000	169.465775
0.020000	167.859604
0.021000	166.253586
0.022000	164.647690
0.023000	163.041962
0.024000	161.436371
0.025000	159.830933
0.026000	158.225647
0.027000	156.620514
0.028000	155.015549
0.029000	153.410782
0.030000	151.806213
0.031000	150.201859
0.032000	148.597687
0.033000	146.993729
0.034000	145.389954
0.035000	143.786392
0.036000	142.183029
0.037000	140.579895
0.038000	138.976959
0.039000	137.374237
0.040000	135.771729
0.041000	134.169434
0.042000	132.567352
0.043000	130.965485
0.044000	129.363831
0.045000	127.762428
0.046000	126.161278
0.047000	124.560379
0.048000	122.959732
0.049000	121.359337
0.050000	119.759193
0.051000	118.159302
0.052000	116.559662
0.053000	114.960274
0.054000	113.361130
0.055000	111.762215
0.056000	110.163528
0.057000	108.565071
0.058000	106.966843
0.059000	105.368835
0.060000	103.771065
0.061000	102.173515
0.062000	100.576195
0.063000	98.979088
0.064000	97.382210
0.065000	95.785545
0.066000	94.189102
0.067000	92.592857
0.068000	90.996811
0.069000	89.400963
0.070000	87.805313
0.071000	86.209854
0.072000	84.614586
0.073000	83.019508
0.074000	81.424599
0.075000	79.829865
0.076000	78.235291
0.077000	76.640884
0.078000	75.046631
0.079000	73.452538
0.080000	71.858582
0.081000	70.264771
0.082000	68.671082
0.083000	67.077522
0.084000	65.484093
0.085000	63.890770
0.086000	62.297558
0.087000	60.704445
0.088000	59.111423
0.089000	57.518490
0.090000	55.925636
0.091000	54.332851
0.092000	52.740135
0.093000	51.147484
0.094000	49.554882
0.095000	47.962330
0.096000	46.369816
0.097000	44.777336
0.098000	43.184875
0.099000	41.592434
0.100000	40.000000
0.000000	200.000000
0.001000	198.394089
0.002000	196.788193
0.003000	195.182312
0.004000	193.576462
0.005000	191.970612
0.006000	190.364807
0.007000	188.759018
0.008000	187.153259
0.009000	185.547531
0.010000	183.941833
0.011000	182.336182
0.012000	180.730621
0.013000	179.125122
0.014000	177.519714
0.015000	175.914368
0.016000	174.309113
0.017000	172.703934
0.018000	171.098862
0.019000	169.493866
0.020000	167.888977
0.021000	166.284164
0.022000	164.679443
0.023000	163.074860
0.024000	161.470413
0.025000	159.866104
0.026000	158.261932
0.027000	156.657898
0.028000	155.053986
0.029000	153.450226
0.030000	151.846603
0.031000	150.243149
0.032000	148.639832
0.033000	147.036682
0.034000	145.433670
0.035000	143.830811
0.036000	142.228104
0.037000	140.625549
0.038000	139.023148
0.039000	137.420914
0.040000	135.818878
0.041000	134.217026
0.042000	132.615372
0.043000	131.013916
0.044000	129.412659
0.045000	127.811600
0.046000	126.210724
0.047000	124.610039
0.048000	123.009544
0.049000	121.409241
0.050000	119.809128
0.051000	118.209206
0.052000	116.609474
0.053000	115.009933
0.054000	113.410583
0.055000	111.811424
0.056000	110.212456
0.057000	108.613678
0.058000	107.015091
0.059000	105.416695
0.060000	103.818489
0.061000	102.220459
0.062000	100.622589
0.063000	99.024895
0.064000	97.427361
0.065000	95.830002
0.066000	94.232803
0.067000	92.635773
0.068000	91.038902
0.069000	89.442192
0.070000	87.845642
0.071000	86.249252
0.072000	84.653015
0.073000	83.056915
0.074000	81.460953
0.075000	79.865120
0.076000	78.269424
0.077000	76.673859
0.078000	75.078423
0.079000	73.483109
0.080000	71.887901
0.081000	70.292801
0.082000	68.697807
0.083000	67.102913
0.084000	65.508118
0.085000	63.913422
0.086000	62.318806
0.087000	60.724270
0.088000	59.129810
0.089000	57.535416
0.090000	55.941090
0.091000	54.346817
0.092000	52.752594
0.093000	51.158421
0.094000	49.564289
0.095000	47.970188
0.096000	46.376118
0.097000	44.782070
0.098000	43.188038
0.099000	41.594017
0.100000	40.000000
0.000000	200.000000
0.001000	198.395340
0.002000	196.790695
0.003000	195.186066
0.004000	193.581451
0.005000	191.976852
0.006000	190.372269
0.007000	188.767685
0.008000	187.163147
0.009000	185.558640
0.010000	183.954163
0.011000	182.349716
0.012000	180.745300
0.013000	179.140915
0.014000	177.536591
0.015000	175.932343
0.016000	174.328171
0.017000	172.724091
0.018000	171.120071
0.019000	169.516144
0.020000	167.912277
0.021000	166.308502
0.022000	164.704803
0.023000	163.101212
0.024000	161.497696
0.025000	159.894287
0.026000	158.290955
0.027000	156.687714
0.028000	155.084564
0.029000	153.481506
0.030000	151.878571
0.031000	150.275772
0.032000	148.673111
0.033000	147.070587
0.034000	145.468201
0.035000	143.865952
0.036000	142.263840
0.037000	140.661865
0.038000	139.060028
0.039000	137.458328
0.040000	135.856766
0.041000	134.255341
0.042000	132.654053
0.043000	131.052902
0.044000	129.451889
0.045000	127.851028
0.046000	126.250290
0.047000	124.649689
0.048000	123.049240
0.049000	121.448952
0.050000	119.848824
0.051000	118.248856
0.052000	116.649048
0.053000	115.049400
0.054000	113.449913
0.055000	111.850586
0.056000	110.251419
0.057000	108.652412
0.058000	107.053543
0.059000	105.454811
0.060000	103.856216
0.061000	102.257759
0.062000	100.659439
0.063000	99.061256
0.064000	97.463211
0.065000	95.865303
0.066000	94.267525
0.067000	92.669876
0.068000	91.072357
0.069000	89.474968
0.070000	87.877708
0.071000	86.280579
0.072000	84.683563
0.073000	83.086655
0.074000	81.489861
0.075000	79.893166
0.076000	78.296585
0.077000	76.700096
0.078000	75.103714
0.079000	73.507423
0.080000	71.911232
0.081000	70.315125
0.082000	68.719093
0.083000	67.123138
0.084000	65.527267
0.085000	63.931458
0.086000	62.335720
0.087000	60.740044
0.088000	59.144428
0.089000	57.548870
0.090000	55.953358
0.091000	54.357895
0.092000	52.762470
0.093000	51.167084
0.094000	49.571732
0.095000	47.976402
0.096000	46.381096
0.097000	44.785809
0.098000	43.190533
0.099000	41.595264
0.100000	40.000000
0.000000	200.000000
0.001000	198.396317
0.002000	196.792648
0.003000	195.188995
0.004000	193.585358
0.005000	191.981735
0.006000	190.378128
0.007000	188.774536
0.008000	187.170959
0.009000	185.567413
0.010000	183.963882
0.011000	182.360397
0.012000	180.756943
0.013000	179.153519
0.014000	177.550125
0.015000	175.946762
0.016000	174.343430
0.017000	172.740128
0.018000	171.136902
0.019000	169.533752
0.020000	167.930679
0.021000	166.327682
0.022000	164.724762
0.023000	163.121918
0.024000	161.519150
0.025000	159.916443
0.026000	158.313828
0.027000	156.711273
0.028000	155.108826
0.029000	153.506454
0.030000	151.904190
0.031000	150.302002
0.032000	148.699905
0.033000	147.097900
0.034000	145.495987
0.035000	143.894165
0.036000	142.292435
0.037000	140.690796
0.038000	139.089249
0.039000	137.487793
0.040000	135.886429
0.041000	134.285172
0.042000	132.684052
0.043000	131.083069
0.044000	129.482224
0.045000	127.881508
0.046000	126.280914
0.047000	124.680450
0.048000	123.080116
0.049000	121.479912
0.050000	119.879837
0.051000	118.279892
0.052000	116.680077
0.053000	115.080391
0.054000	113.480835
0.055000	111.881409
0.056000	110.282112
0.057000	108.682930
0.058000	107.083855
0.059000	105.484886
0.060000	103.886024
0.061000	102.287270
0.062000	100.688614
0.063000	99.090073
0.064000	97.491631
0.065000	95.893303
0.066000	94.295074
0.067000	92.696953
0.068000	91.098923
0.069000	89.500999
0.070000	87.903168
0.071000	86.305443
0.072000	84.707809
0.073000	83.110283
0.074000	81.512833
0.075000	79.915466
0.076000	78.318169
0.077000	76.720955
0.078000	75.123810
0.079000	73.526749
0.080000	71.929749
0.081000	70.332825
0.082000	68.735962
0.083000	67.139168
0.084000	65.542442
0.085000	63.945763
0.086000	62.349133
0.087000	60.752556
0.088000	59.156025
0.089000	57.559532
0.090000	55.963081
0.091000	54.366665
0.092000	52.770283
0.093000	51.173935
0.094000	49.577610
0.095000	47.981304
0.096000	46.385021
0.097000	44.788757
0.098000	43.192497
0.099000	41.596249
0.100000	40.000000
0.000000	200.000000
0.001000	198.397095
0.002000	196.794205
0.003000	195.191330
0.004000	193.588470
0.005000	191.985626
0.006000	190.382797
0.007000	188.779984
0.008000	187.177185
0.009000	185.574417
0.010000	183.971649
0.011000	182.368912
0.012000	180.766190
0.013000	179.163513
0.014000	177.560852
0.015000	175.958237
0.016000	174.355637
0.017000	172.753082
0.018000	171.150558
0.019000	169.548065
0.020000	167.945602
0.021000	166.343170
0.022000	164.740784
0.023000	163.138474
0.024000	161.536240
0.025000	159.934082
0.026000	158.332001
0.027000	156.729996
0.028000	155.128067
0.029000	153.526215
0.030000	151.924438
0.031000	150.322739
0.032000	148.721115
0.033000	147.119568
0.034000	145.518097
0.035000	143.916702
0.036000	142.315384
0.037000	140.714142
0.038000	139.112976
0.039000	137.511887
0.040000	135.910873
0.041000	134.309952
0.042000	132.709091
0.043000	131.108337
0.044000	129.507660
0.045000	127.907082
0.046000	126.306587
0.047000	124.706192
0.048000	123.105888
0.049000	121.505684
0.050000	119.905579
0.051000	118.305573
0.052000	116.705666
0.053000	115.105858
0.054000	113.506149
0.055000	111.906540
0.056000	110.307030
0.057000	108.707619
0.058000	107.108307
0.059000	105.509094
0.060000	103.909981
0.061000	102.310966
0.062000	100.712051
0.063000	99.113228
0.064000	97.514481
0.065000	95.915810
0.066000	94.317215
0.067000	92.718697
0.068000	91.120255
0.069000	89.521889
0.070000	87.923592
0.071000	86.325378
0.072000	84.727234
0.073000	83.129166
0.074000	81.531158
0.075000	79.933228
0.076000	78.335358
0.077000	76.737564
0.078000	75.139839
0.079000	73.542183
0.080000	71.944572
0.081000	70.347008
0.082000	68.749496
0.083000	67.152023
0.084000	65.554604
0.085000	63.957222
0.086000	62.359879
0.087000	60.762577
0.088000	59.165310
0.089000	57.568081
0.090000	55.970882
0.091000	54.373714
0.092000	52.776569
0.093000	51.179447
0.094000	49.582344
0.095000	47.985260
0.096000	46.388195
0.097000	44.791138
0.098000	43.194088
0.099000	41.597042
0.100000	40.000000
0.000000	200.000000
0.001000	198.397705
0.002000	196.795425
0.003000	195.193161
0.004000	193.590912
0.005000	191.988678
0.006000	190.386459
0.007000	188.784256
0.008000	187.182068
0.009000	185.579895
0.010000	183.977737
0.011000	182.375595
0.012000	180.773468
0.013000	179.171371
0.014000	177.569275
0.015000	175.967224
0.016000	174.365189
0.017000	172.763199
0.018000	171.161224
0.019000	169.559296
0.020000	167.957382
0.021000	166.355515
0.022000	164.753662
0.023000	163.151855
0.024000	161.550064
0.025000	159.948318
0.026000	158.346603
0.027000	156.744919
0.028000	155.143265
0.029000	153.541672
0.030000	151.940155
0.031000	150.338715
0.032000	148.737350
0.033000	147.136063
0.034000	145.534851
0.035000	143.933716
0.036000	142.332657
0.037000	140.731674
0.038000	139.130768
0.039000	137.529938
0.040000	135.929184
0.041000	134.328506
0.042000	132.727905
0.043000	131.127380
0.044000	129.526917
0.045000	127.926537
0.046000	126.326210
0.047000	124.725967
0.048000	123.125786
0.049000	121.525681
0.050000	119.925636
0.051000	118.325668
0.052000	116.725769
0.053000	115.125954
0.054000	113.526207
0.055000	111.926544
0.056000	110.326942
0.057000	108.727417
0.058000	107.127953
0.059000	105.528564
0.060000	103.929237
0.061000	102.329987
0.062000	100.730797
0.063000	99.131683
0.064000	97.532631
0.065000	95.933655
0.066000	94.334740
0.067000	92.735901
0.068000	91.137123
0.069000	89.538422
0.070000	87.939781
0.071000	86.341209
0.072000	84.742706
0.073000	83.144257
0.074000	81.545853
0.075000	79.947495
0.076000	78.349182
0.077000	76.750916
0.078000	75.152695
0.079000	73.554512
0.080000	71.956383
0.081000	70.358292
0.082000	68.760239
0.083000	67.162224
0.084000	65.564255
0.085000	63.966312
0.086000	62.368408
0.087000	60.770535
0.088000	59.172695
0.089000	57.574879
0.090000	55.977089
0.091000	54.379318
0.092000	52.781570
0.093000	51.183838
0.094000	49.586124
0.095000	47.988419
0.096000	46.390724
0.097000	44.793034
0.098000	43.195354
0.099000	41.597675
0.100000	40.000000
0.000000	200.000000
0.001000	198.398178
0.002000	196.796371
0.003000	195.194580
0.004000	193.592804
0.005000	191.991043
0.006000	190.389297
0.007000	188.787567
0.008000	187.185852
0.009000	185.584152
0.010000	183.982468
0.011000	182.380798
0.012000	180.779144
0.013000	179.177505
0.014000	177.575882
0.015000	175.974274
0.016000	174.372696
0.017000	172.771118
0.018000	171.169571
0.019000	169.568039
0.020000	167.966553
0.021000	166.365082
0.022000	164.763657
0.023000	163.162247
0.024000	161.560883
0.025000	159.959534
0.026000	158.358231
0.027000	156.756943
0.028000	155.155701
0.029000	153.554489
0.030000	151.953308
0.031000	150.352158
0.032000	148.751038
0.033000	147.149948
0.034000	145.548889
0.035000	143.947861
0.036000	142.346863
0.037000	140.745895
0.038000	139.145004
0.039000	137.544189
0.040000	135.943451
0.041000	134.342789
0.042000	132.742203
0.043000	131.141693
0.044000	129.541260
0.045000	127.940895
0.046000	126.340591
0.047000	124.740356
0.048000	123.140190
0.049000	121.540092
0.050000	119.940063
0.051000	118.340103
0.052000	116.740211
0.053000	115.140388
0.054000	113.540634
0.055000	111.940948
0.056000	110.341331
0.057000	108.741783
0.058000	107.142303
0.059000	105.542885
0.060000	103.943512
0.061000	102.344185
0.062000	100.744904
0.063000	99.145668
0.064000	97.546478
0.065000	95.947334
0.066000	94.348236
0.067000	92.749184
0.068000	91.150177
0.069000	89.551216
0.070000	87.952301
0.071000	86.353432
0.072000	84.754608
0.073000	83.155823
0.074000	81.557083
0.075000	79.958374
0.076000	78.359703
0.077000	76.761070
0.078000	75.162476
0.079000	73.563919
0.080000	71.965401
0.081000	70.366920
0.082000	68.768478
0.083000	67.170074
0.084000	65.571701
0.085000	63.973343
0.086000	62.375008
0.087000	60.776691
0.088000	59.178402
0.089000	57.580128
0.090000	55.981876
0.091000	54.383644
0.092000	52.785431
0.093000	51.187229
0.094000	49.589035
0.095000	47.990849
0.096000	46.392666
0.097000	44.794495
0.098000	43.196323
0.099000	41.598160
0.100000	40.000000
0.000000	200.000000
0.001000	198.398560
0.002000	196.797134
0.003000	195.195724
0.004000	193.594330
0.005000	191.992950
0.006000	190.391586
0.007000	188.790237
0.008000	187.188904
0.009000	185.587585
0.010000	183.986282
0.011000	182.384995
0.012000	180.783722
0.013000	179.182465
0.014000	177.581223
0.015000	175.979996
0.016000	174.378784
0.017000	172.777588
0.018000	171.176407
0.019000	169.575226
0.020000	167.974075
0.021000	166.372940
0.022000	164.771851
0.023000	163.170776
0.024000	161.569748
0.025000	159.968735
0.026000	158.367767
0.027000	156.766815
0.028000	155.165909
0.029000	153.565018
0.030000	151.964172
0.031000	150.363342
0.032000	148.762558
0.033000	147.161789
0.034000	145.561050
0.035000	143.960342
0.036000	142.359665
0.037000	140.759018
0.038000	139.158401
0.039000	137.557816
0.040000	135.957260
0.041000	134.356735
0.042000	132.756241
0.043000	131.155777
0.044000	129.555344
0.045000	127.954979
0.046000	126.354675
0.047000	124.754440
0.048000	123.154274
0.049000	121.554169
0.050000	119.954109
0.051000	118.354095
0.052000	116.754128
0.053000	115.154205
0.054000	113.554329
0.055000	111.954498
0.056000	110.354713
0.057000	108.754974
0.058000	107.155281
0.059000	105.555634
0.060000	103.956032
0.061000	102.356476
0.062000	100.756966
0.063000	99.157501
0.064000	97.558083
0.065000	95.958710
0.066000	94.359375
0.067000	92.760086
0.068000	91.160828
0.069000	89.561615
0.070000	87.962433
0.071000	86.363297
0.072000	84.764198
0.073000	83.165138
0.074000	81.566116
0.075000	79.967133
0.076000	78.368187
0.077000	76.769279
0.078000	75.170410
0.079000	73.571579
0.080000	71.972778
0.081000	70.374001
0.082000	68.775238
0.083000	67.176491
0.084000	65.577759
0.085000	63.979038
0.086000	62.380337
0.087000	60.781658
0.088000	59.182999
0.089000	57.584358
0.090000	55.985737
0.091000	54.387135
0.092000	52.788536
0.093000	51.189949
0.094000	49.591366
0.095000	47.992794
0.096000	46.394226
0.097000	44.795666
0.098000	43.197105
0.099000	41.598553
0.100000	40.000000
0.000000	200.000000
0.001000	198.398849
0.002000	196.797714
0.003000	195.196594
0.004000	193.595490
0.005000	191.994400
0.006000	190.393341
0.007000	188.792282
0.008000	187.191254
0.009000	185.590225
0.010000	183.989227
0.011000	182.388229
0.012000	180.787262
0.013000	179.186295
0.014000	177.585358
0.015000	175.984421
0.016000	174.383514
0.017000	172.782608
0.018000	171.181732
0.019000	169.580856
0.020000	167.980011
0.021000	166.379166
0.022000	164.778351
0.023000	163.177536
0.024000	161.576752
0.025000	159.975967
0.026000	158.375214
0.027000	156.774460
0.028000	155.173737
0.029000	153.573013
0.030000	151.972321
0.031000	150.371628
0.032000	148.770981
0.033000	147.170349
0.034000	145.569763
0.035000	143.969193
0.036000	142.368668
0.037000	140.768158
0.038000	139.167694
0.039000	137.567245
0.040000	135.966843
0.041000	134.366455
0.042000	132.766113
0.043000	131.165787
0.044000	129.565506
0.045000	127.965240
0.046000	126.365005
0.047000	124.764809
0.048000	123.164650
0.049000	121.564529
0.050000	119.964447
0.051000	118.364403
0.052000	116.764397
0.053000	115.164429
0.054000	113.564499
0.055000	111.964607
0.056000	110.364754
0.057000	108.764938
0.058000	107.165154
0.059000	105.565407
0.060000	103.965698
0.061000	102.366028
0.062000	100.766396
0.063000	99.166801
0.064000	97.567245
0.065000	95.967728
0.066000	94.368248
0.067000	92.768806
0.068000	91.169403
0.069000	89.570038
0.070000	87.970711
0.071000	86.371422
0.072000	84.772171
0.073000	83.172958
0.074000	81.573776
0.075000	79.974609
0.076000	78.375458
0.077000	76.776329
0.078000	75.177216
0.079000	73.578110
0.080000	71.979027
0.081000	70.379951
0.082000	68.780899
0.083000	67.181854
0.084000	65.582832
0.085000	63.983822
0.086000	62.384827
0.087000	60.785851
0.088000	59.186890
0.089000	57.587944
0.090000	55.989006
0.091000	54.390076
0.092000	52.791157
0.093000	51.192242
0.094000	49.593338
0.095000	47.994438
0.096000	46.395546
0.097000	44.796654
0.098000	43.197765
0.099000	41.598881
0.100000	40.000000
0.000000	200.000000
0.001000	198.399048
0.002000	196.798111
0.003000	195.197189
0.004000	193.596283
0.005000	191.995392
0.006000	190.394516
0.007000	188.793655
0.008000	187.192810
0.009000	185.591980
0.010000	183.991165
0.011000	182.390366
0.012000	180.789581
0.013000	179.188812
0.014000	177.588058
0.015000	175.987320
0.016000	174.386597
0.017000	172.785889
0.018000	171.185196
0.019000	169.584518
0.020000	167.983856
0.021000	166.383209
0.022000	164.782578
0.023000	163.181961
0.024000	161.581360
0.025000	159.980774
0.026000	158.380203
0.027000	156.779648
0.028000	155.179108
0.029000	153.578583
0.030000	151.978073
0.031000	150.377579
0.032000	148.777100
0.033000	147.176636
0.034000	145.576187
0.035000	143.975754
0.036000	142.375336
0.037000	140.774933
0.038000	139.174545
0.039000	137.574173
0.040000	135.973816
0.041000	134.373474
0.042000	132.773148
0.043000	131.172836
0.044000	129.572540
0.045000	127.972282
0.046000	126.372047
0.047000	124.771851
0.048000	123.171692
0.049000	121.571571
0.050000	119.971489
0.051000	118.371445
0.052000	116.771439
0.053000	115.171471
0.054000	113.571541
0.055000	111.971649
0.056000	110.371796
0.057000	108.771980
0.058000	107.172195
0.059000	105.572449
0.060000	103.972740
0.061000	102.373070
0.062000	100.773438
0.063000	99.173843
0.064000	97.574287
0.065000	95.974770
0.066000	94.375267
0.067000	92.775772
0.068000	91.176300
0.069000	89.576836
0.070000	87.977394
0.071000	86.377960
0.072000	84.778549
0.073000	83.179146
0.074000	81.579765
0.075000	79.980392
0.076000	78.381042
0.077000	76.781700
0.078000	75.182381
0.079000	73.583069
0.080000	71.983780
0.081000	70.384499
0.082000	68.785240
0.083000	67.185989
0.084000	65.586761
0.085000	63.987537
0.086000	62.388321
0.087000	60.789116
0.088000	59.189915
0.089000	57.590725
0.090000	55.991539
0.091000	54.392365
0.092000	52.793194
0.093000	51.194035
0.094000	49.594875
0.095000	47.995720
0.096000	46.396568
0.097000	44.797421
0.098000	43.198277
0.099000	41.599136
0.100000	40.000000
0.000000	200.000000
0.001000	198.399200
0.002000	196.798416
0.003000	195.197647
0.004000	193.596893
0.005000	191.996155
0.006000	190.395432
0.007000	188.794724
0.008000	187.194031
0.009000	185.593353
0.010000	183.992691
0.011000	182.392044
0.012000	180.791412
0.013000	179.190796
0.014000	177.590195
0.015000	175.989609
0.016000	174.389038
0.017000	172.788483
0.018000	171.187943
0.019000	169.587418
0.020000	167.986908
0.021000	166.386398
0.022000	164.785919
0.023000	163.185440
0.024000	161.584991
0.025000	159.984543
0.026000	158.384125
0.027000	156.783707
0.028000	155.183319
0.029000	153.582932
0.030000	151.982574
0.031000	150.382217
0.032000	148.781891
0.033000	147.181564
0.034000	145.581268
0.035000	143.980972
0.036000	142.380707
0.037000	140.780441
0.038000	139.180206
0.039000	137.579971
0.040000	135.979767
0.041000	134.379562
0.042000	132.779388
0.043000	131.179214
0.044000	129.579071
0.045000	127.978935
0.046000	126.378822
0.047000	124.778725
0.048000	123.178642
0.049000	121.578575
0.050000	119.978523
0.051000	118.378487
0.052000	116.778481
0.053000	115.178513
0.054000	113.578583
0.055000	111.978691
0.056000	110.378838
0.057000	108.779022
0.058000	107.179230
0.059000	105.579453
0.060000	103.979691
0.061000	102.379944
0.062000	100.780212
0.063000	99.180496
0.064000	97.580788
0.065000	95.981102
0.066000	94.381424
0.067000	92.781769
0.068000	91.182121
0.069000	89.582497
0.070000	87.982880
0.071000	86.383286
0.072000	84.783699
0.073000	83.184135
0.074000	81.584579
0.075000	79.985046
0.076000	78.385521
0.077000	76.786018
0.078000	75.186523
0.079000	73.587051
0.080000	71.987587
0.081000	70.388145
0.082000	68.788704
0.083000	67.189278
0.084000	65.589851
0.085000	63.990444
0.086000	62.391041
0.087000	60.791645
0.088000	59.192261
0.089000	57.592876
0.090000	55.993504
0.091000	54.394135
0.092000	52.794773
0.093000	51.195412
0.094000	49.596058
0.095000	47.996704
0.096000	46.397358
0.097000	44.798012
0.098000	43.198673
0.099000	41.599335
0.100000	40.000000
0.000000	200.000000
0.001000	198.399307
0.002000	196.798630
0.003000	195.197968
0.004000	193.597321
0.005000	191.996689
0.006000	190.396072
0.007000	188.795471
0.008000	187.194885
0.009000	185.594315
0.010000	183.993759
0.011000	182.393219
0.012000	180.792694
0.013000	179.192184
0.014000	177.591690
0.015000	175.991211
0.016000	174.390747
0.017000	172.790298
0.018000	171.189865
0.019000	169.589447
0.020000	167.989044
0.021000	166.388657
0.022000	164.788284
0.023000	163.187927
0.024000	161.587585
0.025000	159.987259
0.026000	158.386948
0.027000	156.786652
0.028000	155.186371
0.029000	153.586105
0.030000	151.985855
0.031000	150.385620
0.032000	148.785400
0.033000	147.185196
0.034000	145.585007
0.035000	143.984818
0.036000	142.384644
0.037000	140.784485
0.038000	139.184341
0.039000	137.584229
0.040000	135.984116
0.041000	134.384033
0.042000	132.783951
0.043000	131.183884
0.044000	129.583832
0.045000	127.983803
0.046000	126.383781
0.047000	124.783775
0.048000	123.183769
0.049000	121.583778
0.050000	119.983788
0.051000	118.383820
0.052000	116.783859
0.053000	115.183922
0.054000	113.583984
0.055000	111.984070
0.056000	110.384163
0.057000	108.784279
0.058000	107.184402
0.059000	105.584549
0.060000	103.984703
0.061000	102.384880
0.062000	100.785065
0.063000	99.185272
0.064000	97.585487
0.065000	95.985725
0.066000	94.385971
0.067000	92.786240
0.068000	91.186516
0.069000	89.586815
0.070000	87.987122
0.071000	86.387451
0.072000	84.787781
0.073000	83.188126
0.074000	81.588478
0.075000	79.988838
0.076000	78.389206
0.077000	76.789581
0.078000	75.189964
0.079000	73.590355
0.080000	71.990761
0.081000	70.391167
0.082000	68.791588
0.083000	67.192009
0.084000	65.592438
0.085000	63.992878
0.086000	62.393322
0.087000	60.793770
0.088000	59.194229
0.089000	57.594688
0.090000	55.995155
0.091000	54.395622
0.092000	52.796097
0.093000	51.196571
0.094000	49.597050
0.095000	47.997532
0.096000	46.398018
0.097000	44.798508
0.098000	43.199001
0.099000	41.599499
0.100000	40.000000
0.000000	200.000000
0.001000	198.399368
0.002000	196.798752
0.003000	195.198151
0.004000	193.597565
0.005000	191.996994
0.006000	190.396439
0.007000	188.795898
0.008000	187.195374
0.009000	185.594864
0.010000	183.994370
0.011000	182.393890
0.012000	180.793427
0.013000	179.192978
0.014000	177.592545
0.015000	175.992126
0.016000	174.391724
0.017000	172.791336
0.018000	171.190964
0.019000	169.590607
0.020000	167.990265
0.021000	166.389938
0.022000	164.789627
0.023000	163.189331
0.024000	161.589050
0.025000	159.988785
0.026000	158.388535
0.027000	156.788300
0.028000	155.188080
0.029000	153.587875
0.030000	151.987686
0.031000	150.387512
0.032000	148.787354
0.033000	147.187210
0.034000	145.587082
0.035000	143.986969
0.036000	142.386871
0.037000	140.786789
0.038000	139.186722
0.039000	137.586670
0.040000	135.986633
0.041000	134.386612
0.042000	132.786606
0.043000	131.186615
0.044000	129.586639
0.045000	127.986679
0.046000	126.386726
0.047000	124.786781
0.048000	123.186844
0.049000	121.586914
0.050000	119.986992
0.051000	118.387077
0.052000	116.787170
0.053000	115.187271
0.054000	113.587379
0.055000	111.987495
0.056000	110.387619
0.057000	108.787750
0.058000	107.187889
0.059000	105.588036
0.060000	103.988190
0.061000	102.388351
0.062000	100.788521
0.063000	99.188698
0.064000	97.588875
0.065000	95.989059
0.066000	94.389259
0.067000	92.789459
0.068000	91.189667
0.069000	89.589890
0.070000	87.990112
0.071000	86.390343
0.072000	84.790581
0.073000	83.190826
0.074000	81.591087
0.075000	79.991348
0.076000	78.391617
0.077000	76.791901
0.078000	75.192184
0.079000	73.592476
0.080000	71.992775
0.081000	70.393082
0.082000	68.793404
0.083000	67.193726
0.084000	65.594055
0.085000	63.994396
0.086000	62.394741
0.087000	60.795090
0.088000	59.195446
0.089000	57.595802
0.090000	55.996166
0.091000	54.396530
0.092000	52.796902
0.093000	51.197273
0.094000	49.597652
0.095000	47.998032
0.096000	46.398418
0.097000	44.798805
0.098000	43.199200
0.099000	41.599598
0.100000	40.000000
0.000000	200.000000
0.001000	198.399368
0.002000	196.798752
0.003000	195.198151
0.004000	193.597565
0.005000	191.996994
0.006000	190.396439
0.007000	188.795898
0.008000	187.195374
0.009000	185.594864
0.010000	183.994370
0.011000	182.393890
0.012000	180.793427
0.013000	179.192978
0.014000	177.592545
0.015000	175.992126
0.016000	174.391724
0.017000	172.791336
0.018000	171.190964
0.019000	169.590607
0.020000	167.990265
0.021000	166.389938
0.022000	164.789627
0.023000	163.189331
0.024000	161.589050
0.025000	159.988785
0.026000	158.388535
0.027000	156.788300
0.028000	155.188080
0.029000	153.587875
0.030000	151.987686
0.031000	150.387512
0.032000	148.787354
0.033000	147.187210
0.034000	145.587082
0.035000	143.986969
0.036000	142.386871
0.037000	140.786789
0.038000	139.186722
0.039000	137.586670
0.040000	135.986633
0.041000	134.386612
0.042000	132.786606
0.043000	131.186615
0.044000	129.586639
0.045000	127.986679
0.046000	126.386726
0.047000	124.786781
0.048000	123.186844
0.049000	121.586914
0.050000	119.986992
0.051000	118.387077
0.052000	116.787170
0.053000	115.187271
0.054000	113.587379
0.055000	111.987495
0.056000	110.387619
0.057000	108.787750
0.058000	107.187889
0.059000	105.588036
0.060000	103.988190
0.061000	102.388351
0.062000	100.788521
0.063000	99.188698
0.064000	97.588882
0.065000	95.989075
0.066000	94.389275
0.067000	92.789482
0.068000	91.189697
0.069000	89.589920
0.070000	87.990150
0.071000	86.390388
0.072000	84.790634
0.073000	83.190887
0.074000	81.591148
0.075000	79.991417
0.076000	78.391693
0.077000	76.791977
0.078000	75.192268
0.079000	73.592567
0.080000	71.992874
0.081000	70.393181
0.082000	68.793495
0.083000	67.193817
0.084000	65.594147
0.085000	63.994484
0.086000	62.394825
0.087000	60.795170
0.088000	59.195518
0.089000	57.595871
0.090000	55.996227
0.091000	54.396587
0.092000	52.796951
0.093000	51.197319
0.094000	49.597691
0.095000	47.998066
0.096000	46.398445
0.097000	44.798828
0.098000	43.199215
0.099000	41.599606
0.100000	40.000000
